QuantLib [![npm version](https://badge.fury.io/js/quantlib.svg)](http://badge.fury.io/js/quantlib)
========

QuantLib ASYNC Bindings for Node.js

Usage
-----

```sh
npm install quantlib
```

Example
-------

```js
var ql = require('quantlib');

var mtx1 =
[
  [1.00000,	0.97560,	0.95240,	0.93040,	0.90940,	0.88940,	0.87040,	0.85230,	0.83520,	0.81880],
  [0.97560,	1.00000,  0.97560,	0.95240,	0.93040,	0.90940,	0.88940,	0.87040,	0.85230,	0.83520],
  [0.95240,	0.97560,	1.00000,	0.97560,	0.95240,	0.93040,	0.90940,	0.88940,	0.87040,	0.85230],
  [0.93040,	0.95240,	0.97560,	1.00000,	0.97560,	0.95240,	0.93040,	0.90940,	0.88940,	0.87040],
  [0.90940,	0.93040,	0.95240,	0.97560,	1.00000,	0.97560,	0.95240,	0.93040,	0.90940,	0.88940],
  [0.88940,	0.90940,	0.93040,	0.95240,	0.97560,	1.00000,	0.97560,	0.95240,	0.93040,	0.90940],
  [0.87040,	0.88940,	0.90940,	0.93040,	0.95240,	0.97560,	1.00000,	0.97560,	0.95240,	0.93040],
  [0.85230,	0.87040,	0.88940,	0.90940,	0.93040,	0.95240,	0.97560,	1.00000,	0.97560,	0.95240],
  [0.83520,	0.85230,	0.87040,	0.88940,	0.90940,	0.93040,	0.95240,	0.97560,	1.00000,	0.97560],
  [0.81880,	0.83520,	0.85230,	0.87040,	0.88940,	0.90940,	0.93040,	0.95240,	0.97560,	1.00000]
];

ql.SymmetricSchurDecomposition('mtx#1',mtx1).then(function(obj){

  ql.SymmetricSchurDecompositionEigenvalues(obj).then(function(r){
    console.log(r);
  });

  ql.SymmetricSchurDecompositionEigenvectors(obj).then(function(r){
    console.log(r);
  });

}).catch(function(e){
  console.log(e);
});

```
